Sector 1:
45.060558, 7.660681
45.060650, 7.660499
45.060694, 7.660392
45.060827, 7.660003
45.060958, 7.659644
45.061033, 7.659453
45.061179, 7.659067
45.061301, 7.658734

Sector 2:
45.065306, 7.660246
45.065135, 7.660113
45.064946, 7.659984
45.064711, 7.659829
45.064365, 7.659585
45.063970, 7.659469
45.063696, 7.659187
45.063388, 7.659002
45.063069, 7.658926
45.062769, 7.658709
45.062432, 7.658478
45.062232, 7.658335
45.062083, 7.658249

Sector 3:
45.064870, 7.661246
45.064747, 7.661590
45.064618, 7.661928
45.064427, 7.662464
45.064322, 7.662765
45.064205, 7.663099
45.064104, 7.663362

Sector 4:
45.063845, 7.663413
45.063582, 7.663230
45.063356, 7.663079
45.063225, 7.662983
45.062950, 7.662784
45.062858, 7.662715
45.062620, 7.662552
45.062202, 7.662250
45.061939, 7.662052
45.061745, 7.661916
45.061764, 7.661776
45.061611, 7.661810
45.061338, 7.661623
45.061163, 7.661500
45.060888, 7.661297
45.060724, 7.661202

